list( N=309,P=c(0.01, 0.9158576051779935, 0.56957928802589, 0.9579288025889967, 0.4368932038834951, 0.5210355987055016, 0.2459546925566343, 0.6601941747572816, 0.24271844660194175, 0.13915857605177995, 0.6601941747572816, 0.2459546925566343, 0.5145631067961165, 0.8511326860841424, 0.08414239482200647, 0.7184466019417476, 0.5922330097087378, 0.8220064724919094, 0.6343042071197411, 0.29449838187702265, 0.1423948220064725, 0.06472491909385113, 0.02912621359223301, 0.6796116504854369, 0.5566343042071198, 0.49838187702265374, 0.6213592233009708, 0.42071197411003236, 0.3883495145631068, 0.09061488673139159, 0.540453074433657, 0.255663430420712, 0.1779935275080906, 0.4692556634304207, 0.3365695792880259, 0.6375404530744336, 0.3268608414239482, 0.6828478964401294, 0.8964401294498382, 0.44983818770226536, 0.5145631067961165, 0.44983818770226536, 0.7152103559870551, 0.8543689320388349, 0.5436893203883495, 0.255663430420712, 0.656957928802589, 0.42394822006472493, 0.0970873786407767, 0.06472491909385113, 0.7184466019417476, 0.44660194174757284, 0.7184466019417476, 0.8543689320388349, 0.3106796116504854, 0.686084142394822, 0.5339805825242718, 0.2621359223300971, 0.0970873786407767, 0.07119741100323625, 0.025889967637540454, 0.7184466019417476, 0.4336569579288026, 0.7119741100323624, 0.8478964401294499, 0.919093851132686, 0.5533980582524272, 0.5598705501618123, 0.2459546925566343, 0.14563106796116504, 0.6407766990291263, 0.8025889967637541, 0.4368932038834951, 0.686084142394822, 0.8446601941747572, 0.6084142394822006, 0.9644012944983819, 0.8349514563106796, 0.20388349514563106, 0.6666666666666666, 0.2621359223300971, 0.6407766990291263, 0.4045307443365696, 0.15857605177993528, 0.038834951456310676, 0.686084142394822, 0.8414239482200647, 0.9288025889967637, 0.970873786407767, 0.8317152103559871, 0.20388349514563106, 0.6763754045307443, 0.7993527508090615, 0.20388349514563106, 0.36245954692556637, 0.07766990291262135, 0.0, 0.7378640776699029, 0.3300970873786408, 0.3948220064724919, 0.7378640776699029, 0.313915857605178, 0.7378640776699029, 0.8543689320388349, 0.9288025889967637, 0.5501618122977346, 0.5631067961165048, 0.284789644012945, 0.3559870550161812, 0.6666666666666666, 0.5307443365695793, 0.9288025889967637, 0.6245954692556634, 0.627831715210356, 0.6310679611650486, 0.20388349514563106, 0.10355987055016182, 0.045307443365695796, 0.032362459546925564, 0.686084142394822, 0.5954692556634305, 0.4563106796116505, 0.18122977346278318, 0.686084142394822, 0.8543689320388349, 0.8252427184466019, 0.18770226537216828, 0.16181229773462782, 0.34627831715210355, 0.0, 0.7378640776699029, 0.313915857605178, 0.511326860841424, 0.9029126213592233, 0.313915857605178, 0.18446601941747573, 0.686084142394822, 0.9029126213592233, 0.2621359223300971, 0.10355987055016182, 0.07766990291262135, 0.0, 0.5242718446601942, 0.313915857605178, 0.7378640776699029, 0.5825242718446602, 0.9546925566343042, 0.284789644012945, 0.10355987055016182, 0.0744336569579288, 0.0, 0.1715210355987055, 0.3786407766990291, 0.1650485436893204, 0.7346278317152104, 0.8543689320388349, 0.9288025889967637, 0.9838187702265372, 0.9902912621359223, 0.42718446601941745, 0.47572815533980584, 0.2621359223300971, 0.10355987055016182, 0.045307443365695796, 0.7378640776699029, 0.5889967637540453, 0.4627831715210356, 0.7378640776699029, 0.8543689320388349, 0.8252427184466019, 0.4045307443365696, 0.36245954692556637, 0.47572815533980584, 0.8090614886731392, 0.4045307443365696, 0.10355987055016182, 0.4919093851132686, 0.18770226537216828, 0.14563106796116504, 0.7378640776699029, 0.9029126213592233, 0.6051779935275081, 0.4368932038834951, 0.686084142394822, 0.2621359223300971, 0.10355987055016182, 0.6407766990291263, 0.20388349514563106, 0.10355987055016182, 0.17475728155339806, 0.7184466019417476, 0.8996763754045307, 0.9223300970873787, 0.9870550161812298, 0.18770226537216828, 0.7928802588996764, 0.8543689320388349, 0.9223300970873787, 0.970873786407767, 0.9935275080906149, 0.8381877022653722, 0.20388349514563106, 0.47572815533980584, 0.4045307443365696, 0.36245954692556637, 0.045307443365695796, 0.5242718446601942, 0.8543689320388349, 0.2977346278317152, 0.39805825242718446, 0.7378640776699029, 0.5760517799352751, 0.18770226537216828, 0.37540453074433655, 0.03559870550161812, 0.343042071197411, 0.5048543689320388, 0.8543689320388349, 0.9288025889967637, 0.6116504854368932, 0.284789644012945, 0.10355987055016182, 0.34627831715210355, 0.0, 0.3818770226537217, 0.7928802588996764, 0.5728155339805825, 0.9288025889967637, 0.970873786407767, 0.4045307443365696, 0.10355987055016182, 0.045307443365695796, 0.0, 0.3851132686084142, 0.686084142394822, 0.9029126213592233, 0.6019417475728155, 0.6148867313915858, 0.20388349514563106, 0.47572815533980584, 0.5372168284789643, 0.8187702265372169, 0.40129449838187703, 0.1553398058252427, 0.045307443365695796, 0.0, 0.7378640776699029, 0.5760517799352751, 0.9288025889967637, 0.6148867313915858, 0.20388349514563106, 0.14563106796116504, 0.038834951456310676, 0.0, 0.7378640776699029, 0.20388349514563106, 0.3559870550161812, 0.6666666666666666, 0.2621359223300971, 0.09385113268608414, 0.47249190938511326, 0.42718446601941745, 0.7378640776699029, 0.2977346278317152, 0.5048543689320388, 0.2977346278317152, 0.7896440129449838, 0.8543689320388349, 0.8155339805825242, 0.20388349514563106, 0.10355987055016182, 0.045307443365695796, 0.6407766990291263, 0.20388349514563106, 0.7378640776699029, 0.8543689320388349, 0.9288025889967637, 0.9644012944983819, 0.2621359223300971, 0.10355987055016182, 0.34627831715210355, 0.6407766990291263, 0.20388349514563106, 0.7378640776699029, 0.8543689320388349, 0.2977346278317152, 0.5016181229773463, 0.5825242718446602, 0.5436893203883495, 0.18770226537216828, 0.37216828478964403, 0.47572815533980584, 0.8025889967637541, 0.5663430420711975, 0.9611650485436893, 0.598705501618123, 0.4563106796116505, 0.7378640776699029, 0.8543689320388349, 0.3333333333333333, 0.16828478964401294, 0.8122977346278317, 0.39158576051779936, 0.08737864077669903, 0.33980582524271846, 0.7378640776699029, 0.9967637540453075, 0.49514563106796117, 0.970873786407767),